Fe 26.0 0.0000000 0.000000 0.00000 55.93494200
C 6.0 0.0000000 -0.000 3.346235 12.00000000
C 6.0 3.346235 0.000 0.000 12.00000000
C 6.0 -3.346235 0.000 0.000 12.00000000
C 6.0 0.000 0.000 -3.346235 12.00000000
C 6.0 0.000 -3.346235 0.000 12.00000000
C 6.0 0.000 3.346235 0.0000 12.00000000
O 8.0 0.000 0.000  5.5109683 15.99491500
O 8.0 5.5109683 0.000 0.000 15.99491500
O 8.0 -5.5109683 0.000 0.000 15.99491500
O 8.0 0.000 0.000 -5.5109683 15.99491500
O 8.0 -0.000 -5.5109683 -0.000 15.99491500
O 8.0 0.000 5.5109683 0.000 15.99491500
